[model]
alpha_s=10
alpha_v=10

lambda_e=0.00100
lambda_m=0.00001
lambda_t=0.99899

minXIn=2
minYIn=2

minXOut=2
minYOut=2

maxFounder=1

beta_e_0=1
beta_e_1=100

beta_m_0=1
beta_m_1=10

beta_t_0=3
beta_t_1=1

beta_f_0=10000
beta_f_1=10

delta_e=0.00001
delta_m=0.01
delta_t=0.05

ln_1m_g_t=-10
ln_1m_g_B=-50
